&INPUTS
i1=10,
i1=100,
r1=5.789,
r1=46.3983,
d1=4.56794325453674d0,
d1=1.9435456454765d1,
cplx1=(5.35,6.7),
cplx2=(1.98,4.2),
ch1='Hello world',
ch2='HELLO WORLD',
/
